  194.41   -322.49    340.35    -63.64
  729.84    610.44     81.63    745.87
  157.62    760.48   -470.15    776.14
 -245.57    580.40    218.13    353.20
 -212.13    538.04    934.18    762.45
   -0.98    757.07    551.69   -696.63
  669.06    655.71   -134.97    214.11
 -812.92   -168.12    634.93    668.35
    7.75    366.38     54.53    251.67
 -580.07    702.53    409.93   -407.88
  643.61    309.41    835.98   -849.72
 -569.57    446.93    758.03    565.93
 -436.14   -474.83    861.60    414.28
 -561.71   -213.50   -752.92   -258.27
 -757.96   -662.19   -197.00    331.44
 -822.61    -78.29    771.28    291.66
  621.50    239.19    -20.62   -735.41
  165.43   -877.40   -720.83   -678.65
 -936.23    406.73    358.98   -561.42
 -213.81    -42.94   -715.14   -655.15
 -917.73    987.92   -121.00    480.14
 -745.25    539.88    357.87   -170.96
  181.61   -215.58   -470.77    468.78
   35.89   -314.91    287.04    815.33
  622.72   -531.49   -855.06    756.24
 -213.87    344.64   -886.43   -873.63
  434.31    964.65   -645.99   -687.53
 -610.41    216.14    728.73    165.75
 -509.24   -870.92   -376.03   -144.09
 -841.96    902.45   -768.62    818.34
  976.92    360.13   -146.06    525.88
  765.48   -493.99   -259.23   -540.81
 -940.00    272.24   -543.00    354.95
  -12.51   -959.38   -140.19   -421.29
   88.96     66.25    378.22    298.94
 -184.28    543.56    484.14     32.06
 -858.29    729.03    993.65     82.55
   17.84    270.87   -847.60   -579.52
  240.36    695.10    335.63    618.37
 -286.85   -141.48   -367.09    612.34
 -945.17   -896.91    589.69    257.00
   34.38   -167.61    -57.91    -88.16
 -584.71   -720.13    308.37   -373.80
  445.73   -650.26   -509.98   -116.91
 -546.45   -414.81   -712.72    316.84
  787.72   -444.84    548.35   -662.66
 -306.23   -750.50    548.69   -826.52
 -381.11    433.64   -264.11    491.33
  -87.09   -661.96   -621.99    447.30
  -75.01   -456.35   -282.74   -195.62
   91.05   -526.35   -141.63    569.40
 -234.38   -486.94   -190.17   -497.81
 -727.92   -548.54   -151.23    802.02
  -71.09   -319.30    694.28   -704.95
  654.87   -621.99   -149.04   -474.29
 -835.57   -233.66    924.21    298.38
 -264.51    467.79   -289.56    420.12
   64.60    -48.10   -570.12   -336.74
  820.48   -870.10   -403.12   -703.64
 -834.93    256.80    711.60    924.99
 -268.20   -522.31    209.32    838.55
 -665.79    590.12    -82.00   -422.82
 -976.49   -105.80   -348.68   -987.41
 -977.89   -637.52   -495.51   -120.43
  530.66   -213.81    921.51   -600.22
 -560.57   -959.58   -332.73   -593.01
  570.63   -840.41    464.89    213.23
 -763.69   -473.85   -751.94    347.59
 -382.74    149.12    729.96   -745.22
  751.74    745.30    305.12   -942.04
  768.04    135.06    177.24    570.34
  403.74    325.76     45.57   -116.92
 -175.26    579.75    684.40   -938.66
  290.49    750.18    314.61   -251.20
  307.73    216.81    793.28   -189.79
  572.89    865.08   -663.30    534.75
 -775.64   -274.15   -255.87   -622.33
  708.82   -870.70    904.17    735.42
  -88.37   -474.60   -257.59    829.59
  109.37    484.70    708.59    417.31
  773.55    817.01    403.48    751.33
 -712.63   -768.18     10.04    -20.12
 -766.53    513.22   -179.59   -992.72
 -931.42    793.36   -660.19   -271.87
  721.69   -817.74   -799.73    503.47
  -64.22   -251.68   -568.35   -235.30
 -981.42   -357.68    514.27    711.06
   76.13     19.55   -922.96    209.20
  773.77    338.06   -893.09   -791.58
 -797.92   -402.42     99.70    252.56
 -478.64    132.48   -290.30     -0.15
 -283.89    683.48    144.62   -945.56
 -988.16   -353.48    804.42   -131.52
 -710.22    633.66    477.11     -8.84
  180.69    779.66    781.60    521.29
 -572.90   -410.71    486.89    262.31
  574.26    543.99   -160.78    784.16
 -917.11   -826.70   -907.19    363.55
 -446.95   -155.27     67.20   -395.48
  906.09   -862.37   -256.66    433.69
 -907.23    339.98    662.75   -880.34
  178.65   -656.34    208.24    983.63
  503.53   -987.52   -277.89   -451.65
 -979.90    958.54    856.61     15.12
 -112.61    586.30    553.88    163.65
  928.15   -749.68   -383.21   -962.91
 -345.37    421.03    959.17   -895.27
 -774.26    864.62    313.24    987.36
  -80.90   -983.35    424.16   -714.58
 -515.28    965.66   -424.07   -432.42
   92.83   -238.53    670.03    157.50
  496.50    124.54     17.29     -0.81
 -499.63     56.38   -494.13   -413.72
  860.13   -662.53   -127.72   -291.79
  333.03    447.83    429.67    596.50
  757.83     56.84   -203.26    -53.37
  763.45    902.67    922.87    246.30
  988.63    617.95     19.37   -141.63
  540.76   -142.59    883.64    386.95
 -169.88    944.09   -457.30    997.37
 -113.44    174.96   -855.71    566.38
  798.81    -87.01   -411.72    805.88
 -987.75    641.38    518.13   -165.86
  879.41    267.26    -18.53     60.58
   77.78    135.74    321.00    705.62
 -706.80    451.74   -328.89   -205.59
  -87.73    105.67   -187.11   -956.50
 -624.03   -739.48   -920.63   -298.01
  316.84   -518.42    504.91    113.98
  635.76   -323.48    477.17    536.26
 -730.21    662.24   -223.09   -424.10
  560.68    786.30   -919.62   -495.65
  854.69   -295.42    751.11    660.27
  247.19   -846.93     62.14    170.40
  231.45    350.60   -133.03   -701.70
  419.16   -469.37   -823.33    873.10
  470.88     24.02    102.75   -544.53
  907.94   -698.96   -810.17    165.87
  572.89    429.69    288.92   -570.27
 -836.17   -481.14    811.79    287.42
  488.77   -111.60   -541.18    371.34
 -130.80    -55.17   -673.01    170.48
 -532.19   -959.97   -318.12    782.52
  223.66    -48.36    616.88     -3.39
  548.52     47.76   -675.33   -745.66
  -28.48   -315.21    770.70   -195.20
  514.91    -63.79   -814.85    198.95
 -258.16    361.23    -20.52   -838.27
 -862.06   -803.69    445.38   -165.13
 -228.56   -911.36    -91.23   -598.51
   22.63   -710.31   -111.98    183.08
 -418.82     88.14    245.30    442.57
 -118.92   -814.58    321.94   -668.16
 -324.27    703.28    612.84    689.93
 -448.35   -438.09    662.29    727.99
  837.34   -921.95    552.75   -970.05
  584.73   -193.18    610.23    752.52
 -916.39    886.86    764.30    426.15
 -284.70   -552.31   -622.26    338.31
  859.95    999.07   -699.72   -876.68
   42.66    146.24    402.82    887.73
 -463.32    461.20    913.06    -31.89
  237.67    889.00    500.28   -751.97
  781.40   -320.71    246.53    853.65
 -402.32   -492.74    393.59   -997.70
  876.69   -815.49     69.13   -203.76
 -730.37    158.97     72.97   -166.31
  553.59   -135.35    243.33    651.70
  461.52    905.53    925.13   -779.07
 -588.84   -955.61   -373.05    -20.63
  962.60     16.25   -920.11   -777.23
  492.38   -702.86   -398.56     61.51
 -207.42    133.26    919.03   -390.75
 -913.24   -628.77    422.64   -414.13
  300.18    -70.29    192.74   -902.46
  329.93   -886.68     89.19     -0.72
  531.38   -605.91    688.86    950.28
  670.53    771.80    -76.03     40.16
  187.53   -626.59    900.32   -305.91
  774.78   -436.94   -436.14   -542.48
   -6.11    508.18   -363.92    216.17
  -61.11    883.26    553.16   -575.42
 -201.38   -808.14     20.80    996.74
  579.82     48.73    235.92   -345.47
  222.72    687.70   -171.30   -264.79
 -125.50    947.42    142.55    726.47
 -818.74     35.69    596.77    127.77
  118.01    484.62   -433.97    629.19
 -903.99   -117.43    462.76   -945.72
 -129.11    205.35   -477.02   -969.35
 -880.01    867.53    173.17    -67.60
  465.95    976.66    794.94   -718.96
 -805.81    696.56    206.64    496.45
  944.95   -887.74    245.13    657.13
 -743.32    538.23   -542.02   -240.82
  995.27    822.54    106.10   -144.26
 -575.41   -126.35    428.18   -586.01
  -42.82    372.74   -566.52   -755.77
 -530.91   -566.54    365.74   -564.42
  471.74   -167.99   -578.84   -124.27
  403.83    354.74    304.58    136.71
 -160.20    796.28    773.27   -223.07
 -492.91    190.50    443.88   -560.99
  662.36    967.63   -171.77    516.32
  597.95    904.70    815.15    615.54
  832.63    973.11    630.16   -439.43
 -113.21    485.48    681.85    263.02
 -549.91   -694.29    643.02    427.02
  220.49    309.63    616.86    761.45
 -273.18   -229.65    302.73   -860.12
 -957.50    890.81   -296.90    -21.05
  456.51    317.68   -897.32     -1.80
 -111.71   -855.42    802.69   -520.28
  116.36    648.51   -592.22    163.24
 -263.64    802.98   -660.17    992.79
  172.25    471.69   -307.42   -926.92
 -964.88    111.41   -457.16   -600.52
  657.44    798.23   -601.49   -807.62
 -274.01   -559.30    590.59    997.39
 -404.80   -845.49    105.83   -895.00
 -916.88    -52.86   -391.33    298.59
  335.57     97.37    215.39    457.29
 -310.22    913.31    960.63   -879.98
 -623.37    913.85    835.61    760.01
  372.08    -97.52   -220.47    223.78
 -259.41    888.47   -930.03    556.46
 -589.95    359.48    185.17    265.15
 -524.99   -979.16   -599.66    -35.17
 -153.49   -209.29   -867.65   -693.82
 -650.60   -423.61    361.42    102.49
 -785.93    156.29   -664.64    652.63
  317.68   -647.01    201.65   -599.97
  500.51    606.93   -785.90   -727.89
 -183.44   -953.59   -274.11   -687.07
 -327.16   -801.42    307.15   -448.85
  470.40   -402.71   -984.84    438.57
 -419.52    717.51   -903.01   -350.82
 -727.29    902.52   -781.25    546.51
  557.67    248.63    692.89    207.00
 -185.38    773.78   -885.91    529.70
  545.63    619.99    316.53   -332.25
  630.76    526.11    629.55    784.62
   54.61    356.11   -964.15    968.14
 -767.39     79.31     25.65   -971.97
 -213.71   -726.86    692.39    857.65
 -100.06    -45.08    -70.16   -941.85
 -763.31   -651.59   -532.58   -396.35
 -199.62     51.70    -79.74    468.12
 -899.93    997.47     32.11   -659.78
  507.61   -417.68   -146.20   -180.41
  793.95